[[0.02,  0.00,  0.00,  0.00,  0.00,  0.00,  0.00,  0.00,  0.00,  0.07,  0.00,  0.00,  0.00,  0.00,  0.00,  0.00,  0.00,  0.01,  0.00,  0.00,  0.00,  0.00,  0.00,  0.00,  0.00,  0.00,  0.00,  0.02,  0.02,  0.81,  0.00,  0.00,  0.01,  0.01,  0.00,  0.00,  0.00,  0.00,  0.00,  0.00,  0.00,  0.00]]

[[0.09,  0.00,  0.00,  0.00,  0.00,  0.00,  0.00,  0.00,  0.00,  0.13,  0.00,  0.00,  0.00,  0.00,  0.00,  0.00,  0.00,  0.14,  0.00,  0.04,  0.00,  0.00,  0.01,  0.00,  0.00,  0.00,  0.00,  0.02,  0.01,  0.32,  0.00,  0.01,  0.09,  0.12,  0.00,  0.00,  0.00,  0.00,  0.00,  0.00,  0.01,  0.00]]

 [[0.11,  0.00,  0.00,  0.00,  0.00,  0.00,  0.02,  0.00,  0.00,  0.12,  0.00,  0.00,  0.01,  0.00,  0.00,  0.00,  0.00,  0.01,  0.00,  0.04,  0.00,  0.00,  0.03,  0.00,  0.00,  0.00,  0.00,  0.01,  0.01,  0.29,  0.00,  0.02,  0.17,  0.14,  0.00,  0.00,  0.00,  0.00,  0.00,  0.00,  0.00,  0.00]]

[[0.09,  0.00,  0.00,  0.01,  0.00,  0.00,  0.02,  0.00,  0.03,  0.14,  0.00,  0.00,  0.00,  0.00,  0.00,  0.00,  0.00,  0.02,  0.00,  0.05,  0.00,  0.00,  0.04,  0.00,  0.01,  0.00,  0.01,  0.02,  0.03,  0.24,  0.01,  0.01,  0.20,  0.04,  0.00,  0.00,  0.00,  0.00,  0.00,  0.00,  0.01,  0.00]]

[[0.07,  0.00,  0.00,  0.04,  0.00,  0.00,  0.01,  0.00,  0.04,  0.16,  0.00,  0.00,  0.01,  0.00,  0.00,  0.00,  0.00,  0.02,  0.00,  0.02,  0.00,  0.00,  0.04,  0.00,  0.01,  0.00,  0.00,  0.01,  0.04,  0.32,  0.01,  0.02,  0.12,  0.05,  0.00,  0.00,  0.00,  0.00,  0.00,  0.00,  0.01,  0.00]]

[[0.08,  0.00,  0.00,  0.03,  0.00,  0.00,  0.01,  0.00,  0.01,  0.13,  0.00,  0.00,  0.01,  0.00,  0.00,  0.00,  0.00,  0.02,  0.00,  0.03,  0.00,  0.01,  0.03,  0.00,  0.01,  0.00,  0.00,  0.00,  0.12,  0.35,  0.00,  0.02,  0.08,  0.05,  0.00,  0.00,  0.00,  0.00,  0.00,  0.00,  0.00,  0.00]]

[[0.08,  0.00,  0.00,  0.02,  0.00,  0.00,  0.02,  0.00,  0.00,  0.21,  0.00,  0.00,  0.00,  0.00,  0.00,  0.00,  0.00,  0.00,  0.00,  0.03,  0.00,  0.00,  0.11,  0.00,  0.01,  0.00,  0.01,  0.02,  0.02,  0.28,  0.01,  0.02,  0.09,  0.05,  0.00,  0.00,  0.00,  0.00,  0.00,  0.00,  0.01,  0.00]]

[[0.06,  0.00,  0.00,  0.02,  0.00,  0.00,  0.00,  0.00,  0.00,  0.75,  0.00,  0.00,  0.00,  0.00,  0.00,  0.00,  0.00,  0.00,  0.00,  0.00,  0.00,  0.00,  0.00,  0.00,  0.00,  0.00,  0.00,  0.01,  0.00,  0.10,  0.00,  0.01,  0.02,  0.02,  0.00,  0.00,  0.00,  0.00,  0.00,  0.00,  0.00,  0.00]]

[[0.06,  0.00,  0.00,  0.01,  0.00,  0.00,  0.03,  0.00,  0.01,  0.25,  0.00,  0.00,  0.00,  0.00,  0.00,  0.00,  0.00,  0.00,  0.00,  0.03,  0.00,  0.00,  0.09,  0.00,  0.01,  0.00,  0.01,  0.03,  0.02,  0.30,  0.01,  0.02,  0.05,  0.05,  0.00,  0.00,  0.00,  0.00,  0.00,  0.00,  0.00,  0.00]]


output 
[[0.02,  0.00,  0.00,  0.00,  0.00,  0.00,  0.00,  0.00,  0.00,  0.07,  0.00,  0.00,  0.00,  0.00,  0.00,  0.00,  0.00,  0.01,  0.00,  0.00,  0.00,  0.00,  0.00,  0.00,  0.00,  0.00,  0.00,  0.02,  0.02,  0.81,  0.00,  0.00,  0.01,  0.01,  0.00,  0.00,  0.00,  0.00,  0.00,  0.00,  0.00,  0.00],  
 [0.09,  0.00,  0.00,  0.00,  0.00,  0.00,  0.00,  0.00,  0.00,  0.13,  0.00,  0.00,  0.00,  0.00,  0.00,  0.00,  0.00,  0.14,  0.00,  0.04,  0.00,  0.00,  0.01,  0.00,  0.00,  0.00,  0.00,  0.02,  0.01,  0.32,  0.00,  0.01,  0.09,  0.12,  0.00,  0.00,  0.00,  0.00,  0.00,  0.00,  0.01,  0.00],  
 [0.11,  0.00,  0.00,  0.00,  0.00,  0.00,  0.02,  0.00,  0.00,  0.12,  0.00,  0.00,  0.01,  0.00,  0.00,  0.00,  0.00,  0.01,  0.00,  0.04,  0.00,  0.00,  0.03,  0.00,  0.00,  0.00,  0.00,  0.01,  0.01,  0.29,  0.00,  0.02,  0.17,  0.14,  0.00,  0.00,  0.00,  0.00,  0.00,  0.00,  0.00,  0.00],  
 [0.09,  0.00,  0.00,  0.01,  0.00,  0.00,  0.02,  0.00,  0.03,  0.14,  0.00,  0.00,  0.00,  0.00,  0.00,  0.00,  0.00,  0.02,  0.00,  0.05,  0.00,  0.00,  0.04,  0.00,  0.01,  0.00,  0.01,  0.02,  0.03,  0.24,  0.01,  0.01,  0.20,  0.04,  0.00,  0.00,  0.00,  0.00,  0.00,  0.00,  0.01,  0.00],  
 [0.07,  0.00,  0.00,  0.04,  0.00,  0.00,  0.01,  0.00,  0.04,  0.16,  0.00,  0.00,  0.01,  0.00,  0.00,  0.00,  0.00,  0.02,  0.00,  0.02,  0.00,  0.00,  0.04,  0.00,  0.01,  0.00,  0.00,  0.01,  0.04,  0.32,  0.01,  0.02,  0.12,  0.05,  0.00,  0.00,  0.00,  0.00,  0.00,  0.00,  0.01,  0.00],  
 [0.08,  0.00,  0.00,  0.03,  0.00,  0.00,  0.01,  0.00,  0.01,  0.13,  0.00,  0.00,  0.01,  0.00,  0.00,  0.00,  0.00,  0.02,  0.00,  0.03,  0.00,  0.01,  0.03,  0.00,  0.01,  0.00,  0.00,  0.00,  0.12,  0.35,  0.00,  0.02,  0.08,  0.05,  0.00,  0.00,  0.00,  0.00,  0.00,  0.00,  0.00,  0.00],  
 [0.08,  0.00,  0.00,  0.02,  0.00,  0.00,  0.02,  0.00,  0.00,  0.21,  0.00,  0.00,  0.00,  0.00,  0.00,  0.00,  0.00,  0.00,  0.00,  0.03,  0.00,  0.00,  0.11,  0.00,  0.01,  0.00,  0.01,  0.02,  0.02,  0.28,  0.01,  0.02,  0.09,  0.05,  0.00,  0.00,  0.00,  0.00,  0.00,  0.00,  0.01,  0.00],  
 [0.06,  0.00,  0.00,  0.02,  0.00,  0.00,  0.00,  0.00,  0.00,  0.75,  0.00,  0.00,  0.00,  0.00,  0.00,  0.00,  0.00,  0.00,  0.00,  0.00,  0.00,  0.00,  0.00,  0.00,  0.00,  0.00,  0.00,  0.01,  0.00,  0.10,  0.00,  0.01,  0.02,  0.02,  0.00,  0.00,  0.00,  0.00,  0.00,  0.00,  0.00,  0.00]]


gamma = 0.99
[2018-09-10 20:21:13 [Thread-4] DEBUG r.d.r.d.n.a.A3CTenhouThreadDiscrete : >>>>>>>>>>>>>>>>>>>>>>>>>>>>>>> 0.005 −0.408144756
[2018-09-10 20:21:23 [Thread-4] DEBUG r.d.r.d.n.a.A3CTenhouThreadDiscrete : >>>>>>>>>>>>>>>>>>>>>>>>>>>>>>> -0.01 −0.417317936
[2018-09-10 20:21:38 [Thread-4] DEBUG r.d.r.d.n.a.A3CTenhouThreadDiscrete : >>>>>>>>>>>>>>>>>>>>>>>>>>>>>>> -0.01 −0.411432258
[2018-09-10 20:21:52 [Thread-4] DEBUG r.d.r.d.n.a.A3CTenhouThreadDiscrete : >>>>>>>>>>>>>>>>>>>>>>>>>>>>>>> -0.01 −0.405487129
[2018-09-10 20:22:02 [Thread-4] DEBUG r.d.r.d.n.a.A3CTenhouThreadDiscrete : >>>>>>>>>>>>>>>>>>>>>>>>>>>>>>> -0.01 −0.399481949
[2018-09-10 20:22:13 [Thread-4] DEBUG r.d.r.d.n.a.A3CTenhouThreadDiscrete : >>>>>>>>>>>>>>>>>>>>>>>>>>>>>>> -0.01 −0.39341611
[2018-09-10 20:22:30 [Thread-4] DEBUG r.d.r.d.n.a.A3CTenhouThreadDiscrete : >>>>>>>>>>>>>>>>>>>>>>>>>>>>>>> -0.01 −0.387289
[2018-09-10 20:22:37 [Thread-4] DEBUG r.d.r.d.n.a.A3CTenhouThreadDiscrete : >>>>>>>>>>>>>>>>>>>>>>>>>>>>>>> 0.005 −0.3811
[2018-09-10 20:22:43 [Thread-4] DEBUG r.d.r.d.n.a.A3CTenhouThreadDiscrete : >>>>>>>>>>>>>>>>>>>>>>>>>>>>>>> -0.39

[2018-09-10 20:22:43 [Thread-4] DEBUG r.d.r.d.n.a.A3CTenhouThreadDiscrete : calcGradient value [[0.93,  1.77,  2.00,  1.74,  1.69,  1.83,  1.63,  1.93]]
[2018-09-10 20:22:43 [Thread-4] DEBUG r.d.r.d.n.a.A3CTenhouThreadDiscrete : Tmp Outs [[1.34,  2.18,  2.41,  2.14,  2.08,  2.23,  2.02,  2.31]]


