[2018-09-12 08:37:33 [Thread-4] DEBUG r.d.r.d.n.a.A3CTenhouThreadDiscrete : calcGradient input 
[[
  [0.00,  0.00,  0.00,  0.00,  0.00,  0.00,  0.00,  0.00,  0.00,  0.00,  0.00,  0.00,  0.00,  0.00,  0.00,  0.00,  0.00,  0.00,  0.00,  0.00,  0.00],
  [0.25,  0.25,  0.25,  0.25,  0.25,  0.25,  0.25,  0.25,  0.00,  0.00,  0.00,  0.00,  0.00,  0.00,  0.00,  0.00,  0.00,  0.00,  0.00,  0.00,  0.00],
  [0.00,  0.00,  0.00,  0.00,  0.00,  0.00,  0.00,  0.00,  0.00,  0.00,  0.00,  0.00,  0.00,  0.00,  0.00,  0.00,  0.00,  0.00,  0.00,  0.00,  0.00],
  [0.25,  0.25,  0.25,  0.25,  0.25,  0.25,  0.00,  0.00,  0.00,  0.00,  0.00,  0.00,  0.00,  0.00,  0.00,  0.00,  0.00,  0.25,  0.00,  0.00,  0.00],
  [0.00,  0.00,  0.00,  0.00,  0.00,  0.00,  0.00,  0.00,  0.00,  0.00,  0.00,  0.00,  0.00,  0.00,  0.00,  0.00,  0.00,  0.00,  0.00,  0.00,  0.00],
  [0.25,  0.25,  0.25,  0.25,  0.25,  0.25,  0.25,  0.25,  0.25,  0.25,  0.25,  0.25,  0.25,  0.25,  0.25,  0.00,  0.00,  0.00,  0.00,  0.00,  0.00],
  [0.00,  0.25,  0.25,  0.25,  0.25,  0.25,  0.25,  0.25,  0.25,  0.25,  0.50,  0.50,  0.50,  0.50,  0.50,  0.50,  0.25,  0.25,  0.25,  0.00,  0.00],
  [0.00,  0.00,  0.00,  0.00,  0.00,  0.00,  0.00,  0.00,  0.00,  0.00,  0.00,  0.00,  0.00,  0.00,  0.00,  0.00,  0.00,  0.00,  0.00,  0.00,  0.00],
  [0.25,  0.00,  0.00,  0.00,  0.00,  0.00,  0.00,  0.00,  0.00,  0.00,  0.00,  0.00,  0.00,  0.00,  0.00,  0.00,  0.00,  0.00,  0.00,  0.00,  0.00],
  [0.00,  0.00,  0.00,  0.00,  0.00,  0.00,  0.00,  0.00,  0.00,  0.00,  0.00,  0.00,  0.00,  0.00,  0.00,  0.00,  0.00,  0.00,  0.25,  0.25,  0.25],
  [0.00,  0.00,  0.00,  0.00,  0.00,  0.00,  0.00,  0.00,  0.00,  0.00,  0.00,  0.00,  0.00,  0.00,  0.00,  0.00,  0.00,  0.00,  0.00,  0.00,  0.00],
  [0.00,  0.00,  0.00,  0.00,  0.00,  0.00,  0.00,  0.00,  0.00,  0.00,  0.00,  0.00,  0.00,  0.06,  0.00,  0.00,  0.00,  0.00,  0.00,  0.00,  0.00],
  [0.00,  0.00,  0.00,  0.00,  0.00,  0.25,  0.25,  0.25,  0.25,  0.25,  0.25,  0.25,  0.25,  0.25,  0.25,  0.25,  0.25,  0.25,  0.25,  0.25,  0.25],
  [0.75,  0.75,  0.75,  0.75,  0.75,  0.50,  0.50,  0.50,  0.50,  0.50,  0.50,  0.50,  0.50,  0.50,  0.50,  0.50,  0.50,  0.50,  0.50,  0.50,  0.50],
  [0.00,  0.00,  0.00,  0.00,  0.00,  0.00,  0.00,  0.00,  0.00,  0.00,  0.00,  0.00,  0.00,  0.00,  0.00,  0.00,  0.00,  0.00,  0.00,  0.00,  0.00],
  [0.00,  0.00,  0.00,  0.00,  0.00,  0.00,  0.00,  0.00,  0.00,  0.00,  0.00,  0.00,  0.00,  0.00,  0.00,  0.00,  0.00,  0.00,  0.00,  0.00,  0.00],
  [0.25,  0.25,  0.00,  0.00,  0.00,  0.00,  0.25,  0.00,  0.00,  0.00,  0.00,  0.00,  0.00,  0.00,  0.00,  0.00,  0.00,  0.00,  0.00,  0.00,  0.00],
  [0.00,  0.00,  0.00,  0.00,  0.00,  0.00,  0.00,  0.00,  0.00,  0.00,  0.00,  0.00,  0.00,  0.00,  0.00,  0.00,  0.50,  0.00,  0.00,  0.00,  0.00],
  [0.00,  0.00,  0.00,  0.00,  0.00,  0.00,  0.00,  0.00,  0.00,  0.00,  0.00,  0.00,  0.00,  0.00,  0.00,  0.00,  0.00,  0.00,  0.00,  0.00,  0.00],
  [0.00,  0.00,  0.00,  0.00,  0.00,  0.00,  0.00,  0.00,  0.00,  0.00,  0.00,  0.00,  0.00,  0.00,  0.00,  0.00,  0.00,  0.00,  0.00,  0.00,  0.00],
  [0.25,  0.25,  0.50,  0.50,  0.50,  0.50,  0.50,  0.50,  0.50,  0.50,  0.50,  0.50,  0.50,  0.50,  0.50,  0.50,  0.50,  0.50,  0.50,  0.50,  0.50],
  [0.25,  0.25,  0.25,  0.25,  0.25,  0.25,  0.25,  0.25,  0.25,  0.25,  0.25,  0.25,  0.25,  0.25,  0.25,  0.25,  0.25,  0.25,  0.25,  0.25,  0.25],
  [0.00,  0.00,  0.00,  0.00,  0.00,  0.00,  0.00,  0.00,  0.00,  0.00,  0.00,  0.00,  0.00,  0.00,  0.00,  0.00,  0.00,  0.00,  0.00,  0.00,  0.06],
  [0.25,  0.25,  0.25,  0.25,  0.25,  0.25,  0.25,  0.25,  0.25,  0.25,  0.25,  0.25,  0.25,  0.25,  0.25,  0.25,  0.25,  0.25,  0.25,  0.25,  0.00],
  [0.25,  0.25,  0.25,  0.25,  0.25,  0.25,  0.25,  0.25,  0.25,  0.25,  0.25,  0.25,  0.25,  0.25,  0.50,  0.75,  0.75,  0.75,  0.75,  1.00,  1.00],
  [0.00,  0.00,  0.00,  0.00,  0.00,  0.00,  0.00,  0.00,  0.00,  0.00,  0.00,  0.00,  0.00,  0.00,  0.00,  0.00,  0.00,  0.00,  0.00,  0.00,  0.00],
  [0.00,  0.00,  0.00,  0.00,  0.00,  0.00,  0.00,  0.00,  0.00,  0.25,  0.00,  0.00,  0.00,  0.00,  0.00,  0.00,  0.00,  0.00,  0.00,  0.00,  0.00],
  [0.50,  0.50,  0.50,  0.62,  0.75,  0.75,  0.75,  0.75,  0.75,  0.75,  0.75,  0.75,  0.75,  0.75,  0.75,  0.75,  0.75,  0.75,  0.75,  0.75,  0.75],
  [0.00,  0.00,  0.00,  0.00,  0.00,  0.00,  0.00,  0.25,  0.25,  0.25,  0.25,  0.25,  0.00,  0.00,  0.00,  0.00,  0.00,  0.00,  0.00,  0.00,  0.00],
  [0.00,  0.00,  0.00,  0.00,  0.00,  0.00,  0.00,  0.00,  0.25,  0.00,  0.00,  0.00,  0.00,  0.00,  0.00,  0.00,  0.00,  0.00,  0.00,  0.00,  0.00],
  [0.00,  0.00,  0.00,  0.00,  0.00,  0.00,  0.00,  0.00,  0.00,  0.00,  0.00,  0.00,  0.00,  0.00,  0.00,  0.00,  0.00,  0.00,  0.00,  0.00,  0.00],
  [0.00,  0.00,  0.00,  0.00,  0.00,  0.00,  0.00,  0.00,  0.00,  0.00,  0.00,  0.00,  0.25,  0.00,  0.00,  0.00,  0.00,  0.00,  0.00,  0.00,  0.00],
  [0.25,  0.25,  0.25,  0.00,  0.00,  0.00,  0.00,  0.00,  0.00,  0.00,  0.00,  0.00,  0.00,  0.00,  0.00,  0.00,  0.00,  0.00,  0.00,  0.00,  0.00],
  [0.00,  0.00,  0.00,  0.00,  0.00,  0.00,  0.00,  0.00,  0.00,  0.00,  0.00,  0.00,  0.00,  0.00,  0.00,  0.00,  0.00,  0.00,  0.00,  0.00,  0.00],
  [0.00,  0.00,  0.00,  0.00,  0.00,  0.00,  0.00,  0.00,  0.00,  0.00,  0.00,  0.00,  0.00,  0.00,  0.00,  0.00,  0.00,  0.00,  0.00,  0.00,  0.00],
  [0.00,  0.00,  0.00,  0.00,  0.00,  0.00,  0.00,  0.00,  0.25,  0.25,  0.25,  0.25,  0.25,  0.25,  0.25,  0.25,  0.25,  0.25,  0.25,  0.25,  0.25],
  [0.00,  0.00,  0.00,  0.00,  0.00,  0.00,  0.00,  0.00,  0.00,  0.00,  0.00,  0.00,  0.00,  0.00,  0.00,  0.00,  0.00,  0.00,  0.00,  0.00,  0.00],
  [0.00,  0.00,  0.00,  0.00,  0.00,  0.00,  0.25,  0.25,  0.25,  0.25,  0.25,  0.25,  0.25,  0.25,  0.25,  0.25,  0.25,  0.25,  0.50,  0.50,  0.50],
  [0.00,  0.00,  0.00,  0.00,  0.00,  0.00,  0.00,  0.00,  0.00,  0.00,  0.00,  0.00,  0.00,  0.00,  0.00,  0.00,  0.00,  0.00,  0.25,  0.25,  0.25],
  [0.00,  0.00,  0.00,  0.00,  0.00,  0.00,  0.00,  0.00,  0.00,  0.00,  0.00,  0.00,  0.00,  0.00,  0.00,  0.25,  0.25,  0.25,  0.50,  0.50,  0.50],
  [0.00,  0.00,  0.00,  0.00,  0.00,  0.00,  0.00,  0.00,  0.00,  0.00,  0.00,  0.00,  0.00,  0.00,  0.00,  0.00,  0.25,  0.25,  0.25,  0.50,  0.50],
  [0.00,  0.00,  0.00,  0.00,  0.00,  0.00,  0.00,  0.00,  0.00,  0.00,  0.00,  0.00,  0.00,  0.00,  0.00,  0.00,  0.00,  0.00,  0.00,  0.00,  0.00],
  [0.00,  0.25,  0.25,  0.25,  0.25,  0.25,  0.25,  0.25,  0.25,  0.25,  0.25,  0.25,  0.25,  0.25,  0.25,  0.25,  0.25,  0.25,  0.25,  0.25,  0.25],
  [0.00,  0.00,  0.00,  0.00,  0.00,  0.00,  0.00,  0.00,  0.00,  0.00,  0.00,  0.00,  0.00,  0.00,  0.00,  0.00,  0.00,  0.00,  0.00,  0.00,  0.00],
  [0.00,  0.00,  0.00,  0.00,  0.00,  0.00,  0.00,  0.00,  0.00,  0.00,  0.00,  0.00,  0.00,  0.00,  0.00,  0.00,  0.00,  0.00,  0.00,  0.00,  0.00],
  [0.00,  0.00,  0.00,  0.00,  0.00,  0.00,  0.00,  0.00,  0.00,  0.00,  0.00,  0.00,  0.00,  0.25,  0.25,  0.25,  0.25,  0.25,  0.25,  0.25,  0.25],
  [0.00,  0.00,  0.00,  0.00,  0.00,  0.00,  0.00,  0.00,  0.00,  0.00,  0.00,  0.00,  0.00,  0.00,  0.00,  0.00,  0.00,  0.00,  0.00,  0.00,  0.00],
  [0.00,  0.00,  0.00,  0.00,  0.00,  0.25,  0.25,  0.25,  0.25,  0.25,  0.25,  0.25,  0.25,  0.25,  0.25,  0.25,  0.25,  0.25,  0.25,  0.25,  0.25],
  [0.00,  0.00,  0.00,  0.00,  0.00,  0.00,  0.00,  0.00,  0.00,  0.00,  0.00,  0.00,  0.00,  0.00,  0.00,  0.00,  0.00,  0.00,  0.00,  0.00,  0.00],
  [0.00,  0.00,  0.00,  0.00,  0.00,  0.00,  0.00,  0.00,  0.00,  0.00,  0.00,  0.00,  0.00,  0.00,  0.00,  0.00,  0.00,  0.00,  0.00,  0.00,  0.00],
  [0.00,  0.00,  0.25,  0.25,  0.25,  0.25,  0.25,  0.50,  0.50,  0.50,  0.50,  0.50,  0.50,  0.50,  0.50,  0.50,  0.50,  0.50,  0.50,  0.50,  0.50],
  [0.00,  0.00,  0.00,  0.00,  0.00,  0.00,  0.00,  0.00,  0.00,  0.00,  0.00,  0.00,  0.00,  0.00,  0.00,  0.00,  0.00,  0.25,  0.25,  0.25,  0.25],
  [0.00,  0.00,  0.00,  0.00,  0.00,  0.00,  0.00,  0.00,  0.00,  0.00,  0.00,  0.00,  0.00,  0.00,  0.00,  0.00,  0.00,  0.00,  0.00,  0.00,  0.00],
  [0.00,  0.00,  0.00,  0.00,  0.00,  0.00,  0.00,  0.00,  0.00,  0.00,  0.00,  0.00,  0.00,  0.00,  0.00,  0.00,  0.00,  0.00,  0.00,  0.00,  0.00],
  [0.00,  0.00,  0.00,  0.00,  0.00,  0.00,  0.00,  0.00,  0.00,  0.00,  0.00,  0.00,  0.00,  0.00,  0.00,  0.00,  0.00,  0.00,  0.00,  0.00,  0.00],
  [0.00,  0.00,  0.00,  0.00,  0.00,  0.00,  0.00,  0.00,  0.00,  0.00,  0.00,  0.00,  0.00,  0.00,  0.00,  0.00,  0.00,  0.00,  0.00,  0.00,  0.00],
  [0.00,  0.00,  0.00,  0.00,  0.00,  0.00,  0.00,  0.00,  0.00,  0.00,  0.00,  0.00,  0.00,  0.00,  0.00,  0.00,  0.00,  0.00,  0.00,  0.00,  0.25],
  [0.00,  0.00,  0.00,  0.00,  0.00,  0.00,  0.00,  0.00,  0.00,  0.00,  0.00,  0.00,  0.00,  0.00,  0.00,  0.00,  0.00,  0.00,  0.00,  0.00,  0.25],
  [0.00,  0.00,  0.00,  0.00,  0.00,  0.00,  0.00,  0.00,  0.00,  0.00,  0.00,  0.00,  0.00,  0.00,  0.00,  0.00,  0.00,  0.00,  0.00,  0.00,  0.00],
  [0.00,  0.00,  0.00,  0.00,  0.00,  0.00,  0.00,  0.00,  0.00,  0.00,  0.00,  0.00,  0.00,  0.00,  0.00,  0.00,  0.00,  0.00,  0.00,  0.00,  0.00],
  [0.00,  0.00,  0.00,  0.00,  0.00,  0.00,  0.00,  0.00,  0.00,  0.00,  0.25,  0.25,  0.25,  0.25,  0.25,  0.25,  0.25,  0.25,  0.25,  0.25,  0.25],
  [0.00,  0.00,  0.00,  0.25,  0.75,  0.75,  0.75,  0.75,  0.75,  0.75,  0.75,  0.75,  0.75,  0.75,  0.75,  0.75,  0.75,  0.75,  0.75,  0.75,  0.75],
  [0.00,  0.00,  0.00,  0.00,  0.00,  0.00,  0.00,  0.00,  0.00,  0.00,  0.00,  0.25,  0.50,  0.50,  0.50,  0.50,  0.50,  0.50,  0.50,  0.50,  0.50],
  [0.00,  0.00,  0.00,  0.00,  0.00,  0.00,  0.00,  0.00,  0.00,  0.25,  0.25,  0.25,  0.25,  0.25,  0.25,  0.25,  0.25,  0.25,  0.25,  0.25,  0.25],
  [0.00,  0.00,  0.00,  0.00,  0.00,  0.00,  0.00,  0.00,  0.00,  0.00,  0.00,  0.00,  0.00,  0.00,  0.00,  0.00,  0.00,  0.00,  0.00,  0.00,  0.00],
  [0.00,  0.00,  0.00,  0.00,  0.00,  0.00,  0.00,  0.00,  0.00,  0.00,  0.00,  0.00,  0.00,  0.25,  0.25,  0.25,  0.25,  0.25,  0.25,  0.25,  0.25],
  [0.00,  0.00,  0.00,  0.25,  0.25,  0.25,  0.25,  0.25,  0.25,  0.25,  0.25,  0.25,  0.25,  0.25,  0.25,  0.25,  0.25,  0.25,  0.25,  0.25,  0.25],
  [0.00,  0.00,  0.00,  0.00,  0.00,  0.00,  0.00,  0.00,  0.00,  0.00,  0.00,  0.00,  0.00,  0.00,  0.00,  0.00,  0.00,  0.00,  0.00,  0.00,  0.00],
  [0.00,  0.00,  0.00,  0.00,  0.00,  0.00,  0.00,  0.00,  0.00,  0.00,  0.00,  0.00,  0.00,  0.00,  0.00,  0.00,  0.00,  0.00,  0.00,  0.00,  0.00],
  [0.00,  0.00,  0.00,  0.00,  0.00,  0.00,  0.00,  0.00,  0.00,  0.00,  0.00,  0.00,  0.00,  0.00,  0.00,  0.00,  0.00,  0.00,  0.00,  0.00,  0.00],
  [0.00,  0.00,  0.00,  0.00,  0.00,  0.00,  0.00,  0.00,  0.00,  0.00,  0.00,  0.00,  0.00,  0.00,  0.00,  0.00,  0.00,  0.00,  0.00,  0.00,  0.00],
  [0.00,  0.00,  0.00,  0.00,  0.00,  0.00,  0.00,  0.00,  0.00,  0.00,  0.00,  0.00,  0.00,  0.00,  0.00,  0.00,  0.00,  0.00,  0.00,  0.00,  0.00],
  [0.00,  0.00,  0.00,  0.00,  0.00,  0.00,  0.00,  0.00,  0.00,  0.00,  0.00,  0.00,  0.00,  0.00,  0.00,  0.00,  0.00,  0.00,  0.00,  0.00,  0.00],
  [0.00,  0.00,  0.00,  0.00,  0.00,  0.00,  0.00,  0.00,  0.00,  0.00,  0.00,  0.00,  0.00,  0.00,  0.00,  0.00,  0.00,  0.00,  0.00,  0.00,  0.00]]]
[2018-09-12 08:37:33 [Thread-4] DEBUG r.d.r.d.n.a.A3CTenhouThreadDiscrete : calcGradient logsoftmax 
[[[-0.00,  -0.00,  -0.00,  -0.00,  -0.00,  -0.00,  -0.00,  -0.00,  -0.00,  -0.00,  -0.00,  -0.00,  -0.00,  -0.00,  -0.00,  -0.00,  -0.00,  -0.00,  -0.00,  -0.00,  -0.00],
  [0.00,  0.00,  0.00,  -0.01,  0.00,  0.00,  0.00,  -0.99,  -0.00,  -0.01,  -0.01,  -0.01,  -0.01,  -0.02,  -0.02,  -0.01,  -0.00,  -0.00,  -0.10,  -0.17,  -0.04],
  [-0.02,  -0.02,  -0.17,  -0.08,  -0.10,  -0.13,  -0.04,  -0.26,  -0.04,  -0.29,  -0.22,  -0.25,  -0.10,  -0.08,  -0.08,  -0.05,  -0.01,  -0.01,  -0.01,  -0.05,  -0.04],
  [0.00,  0.00,  0.00,  -0.25,  0.00,  -0.82,  -0.00,  -0.01,  -0.01,  -0.03,  -0.02,  -0.03,  -0.02,  -0.01,  -0.02,  -0.00,  -0.01,  -1.47,  -0.00,  -0.02,  -0.01],
  [-0.00,  -0.00,  -0.00,  -0.00,  -0.00,  -0.00,  -0.00,  -0.00,  -0.00,  -0.00,  -0.00,  -0.00,  -0.00,  -0.00,  -0.00,  -0.00,  -0.00,  -0.00,  -0.00,  -0.00,  -0.00],
  [0.00,  0.00,  0.00,  -1.31,  0.00,  0.00,  0.00,  0.00,  0.00,  0.00,  0.00,  0.00,  0.00,  -1.72,  -1.77,  -0.02,  -0.02,  -0.01,  -0.01,  -0.16,  -0.23],
  [-0.00,  0.00,  0.00,  -0.05,  0.00,  0.00,  0.00,  0.00,  0.00,  0.00,  0.00,  0.00,  0.00,  -0.23,  0.00,  -2.15,  0.00,  0.00,  -2.30,  -0.00,  -0.00],
  [-0.00,  -0.00,  -0.00,  -0.00,  -0.00,  -0.00,  -0.00,  -0.00,  -0.00,  -0.01,  -0.00,  -0.00,  -0.00,  -0.00,  -0.00,  -0.00,  -0.00,  -0.00,  -0.00,  -0.01,  -0.00],
  [-1.41,  -0.00,  -0.00,  -0.00,  -0.00,  -0.00,  -0.00,  -0.00,  -0.00,  -0.00,  -0.00,  -0.00,  -0.00,  -0.00,  -0.00,  -0.00,  -0.00,  -0.00,  -0.00,  -0.00,  -0.00],
  [-0.02,  -0.00,  -0.00,  -0.00,  -0.00,  -0.00,  -0.00,  -0.00,  -0.00,  -0.00,  -0.00,  -0.00,  -0.00,  -0.00,  -0.00,  -0.00,  -0.00,  -0.00,  0.00,  0.00,  -0.18],
  [-0.00,  -0.00,  -0.00,  -0.00,  -0.00,  -0.00,  -0.00,  -0.00,  -0.00,  -0.00,  -0.00,  -0.00,  -0.00,  -0.00,  -0.00,  -0.00,  -0.00,  -0.00,  -0.00,  -0.00,  -0.00],
  [-0.00,  -0.00,  -0.01,  -0.01,  -0.01,  -0.01,  -0.00,  -0.01,  -0.00,  -0.01,  -0.00,  -0.00,  -0.00,  -0.00,  -0.01,  -0.00,  -0.00,  -0.00,  -0.00,  -0.00,  -0.00],
  [-0.00,  -0.00,  -0.00,  -0.00,  -0.00,  0.00,  0.00,  0.00,  0.00,  0.00,  0.00,  0.00,  0.00,  -0.00,  0.00,  0.00,  0.00,  0.00,  0.00,  0.00,  -0.12],
  [0.00,  0.00,  0.00,  -0.86,  -0.92,  0.00,  0.00,  0.00,  0.00,  0.00,  0.00,  0.00,  0.00,  -0.20,  0.00,  0.00,  0.00,  0.00,  0.00,  0.00,  -0.77],
  [-0.00,  -0.00,  -0.00,  -0.00,  -0.00,  -0.00,  -0.00,  -0.00,  -0.00,  -0.00,  -0.00,  -0.00,  -0.00,  -0.00,  -0.00,  -0.00,  -0.00,  -0.00,  -0.00,  -0.01,  -0.00],
  [-0.00,  -0.00,  -0.00,  -0.00,  -0.00,  -0.00,  -0.00,  -0.00,  -0.00,  -0.00,  -0.00,  -0.00,  -0.00,  -0.00,  -0.00,  -0.00,  -0.00,  -0.00,  -0.00,  -0.00,  -0.00],
  [0.00,  -1.42,  -0.03,  -0.09,  -0.09,  -0.07,  -1.20,  -0.01,  -0.01,  -0.01,  -0.03,  -0.03,  -0.01,  -0.01,  -0.03,  -0.01,  -0.00,  -0.09,  -0.01,  -0.03,  -0.00],
  [-0.01,  -0.04,  -0.03,  -0.09,  -0.06,  -0.05,  -0.03,  -0.02,  -0.02,  -0.03,  -0.02,  -0.02,  -0.02,  -0.03,  -0.09,  -0.07,  -1.67,  -0.00,  -0.01,  -0.02,  -0.03],
  [-0.01,  -0.01,  -0.01,  -0.01,  -0.01,  -0.00,  -0.00,  -0.00,  -0.00,  -0.00,  -0.00,  -0.00,  -0.00,  -0.00,  -0.00,  -0.00,  -0.00,  -0.00,  -0.00,  -0.00,  -0.00],
  [-0.02,  -0.00,  -0.00,  -0.14,  -0.04,  -0.07,  -0.05,  -0.25,  -0.08,  -0.11,  -0.25,  -0.10,  -0.05,  -0.15,  -0.22,  -0.35,  -0.01,  -0.01,  -0.00,  -0.04,  -0.02],
  [0.00,  0.00,  0.00,  -0.00,  0.00,  0.00,  0.00,  0.00,  0.00,  0.00,  0.00,  0.00,  0.00,  -0.00,  0.00,  0.00,  0.00,  0.00,  0.00,  0.00,  -0.02],
  [0.00,  0.00,  0.00,  -0.32,  0.00,  0.00,  0.00,  0.00,  0.00,  0.00,  0.00,  0.00,  0.00,  -0.05,  0.00,  0.00,  0.00,  0.00,  0.00,  0.00,  -0.01],
  [-0.00,  -0.00,  -0.00,  -0.00,  -0.00,  -0.00,  -0.00,  -0.00,  -0.00,  -0.00,  -0.00,  -0.00,  -0.00,  -0.00,  -0.00,  -0.00,  -0.00,  -0.00,  -0.00,  -0.00,  -0.00],
  [0.00,  0.00,  0.00,  -0.03,  0.00,  0.00,  0.00,  0.00,  0.00,  0.00,  0.00,  0.00,  0.00,  -0.30,  0.00,  0.00,  0.00,  0.00,  0.00,  -2.38,  -0.01],
  [0.00,  0.00,  0.00,  -0.09,  0.00,  0.00,  0.00,  0.00,  0.00,  0.00,  0.00,  0.00,  0.00,  -0.03,  0.00,  0.00,  0.00,  0.00,  0.00,  0.00,  -1.45],
[-0.01,  -0.00,  -0.05,  -0.01,  -0.01,  -0.02,  -0.00,  -0.03,  -0.00,  -0.04,  -0.01,  -0.01,  -0.01,  -0.00,  -0.00,  -0.00,  -0.00,  -0.00,  -0.00,  -0.00,  -0.00],
  [-0.00,  -0.00,  -0.00,  -0.00,  -0.00,  -0.00,  -0.00,  -0.00,  -0.00,  -0.61,  -0.00,  -0.00,  -0.00,  -0.00,  -0.00,  -0.00,  -0.00,  -0.00,  -0.00,  -0.00,  -0.00],
  [0.00,  0.00,  0.00,  -0.02,  -0.02,  -0.02,  -0.20,  -0.01,  -0.02,  -0.01,  -0.03,  -0.03,  -0.04,  -0.53,  -0.14,  -0.19,  -0.02,  -0.01,  -0.18,  -0.19,  -0.27],
  [-0.01,  -0.00,  -0.00,  -0.00,  -0.00,  -0.00,  -0.00,  0.00,  0.00,  0.00,  -1.31,  -1.06,  -0.01,  -0.00,  -0.01,  -0.00,  -0.00,  -0.00,  -0.00,  -0.04,  -0.02],
  [-0.01,  -0.01,  -0.00,  -0.00,  -0.00,  -0.00,  -0.00,  -0.01,  -1.31,  -0.00,  -0.02,  -0.01,  -0.00,  -0.01,  -0.01,  -0.01,  -0.00,  -0.00,  -0.00,  -0.01,  -0.01],
  [-0.02,  -0.18,  -0.00,  -0.09,  -0.11,  -0.14,  -1.11,  -0.01,  -0.04,  -0.01,  -0.02,  -0.02,  -0.02,  -0.10,  -0.05,  -0.05,  -0.00,  -0.01,  -0.06,  -0.02,  -0.03],
  [-0.00,  -0.00,  -0.00,  -0.00,  -0.00,  -0.00,  -0.00,  -0.00,  -0.00,  -0.00,  -0.00,  -0.00,  -1.35,  -0.00,  -0.00,  -0.00,  -0.00,  -0.00,  -0.00,  -0.00,  -0.00],
  [0.00,  0.00,  -1.10,  -0.01,  -0.01,  -0.02,  -0.00,  -0.02,  -0.00,  -0.00,  -0.00,  -0.00,  -0.01,  -0.01,  -0.01,  -0.01,  -0.00,  -0.00,  -0.00,  -0.01,  -0.01],
  [-0.01,  -0.00,  -0.03,  -0.02,  -0.00,  -0.01,  -0.00,  -0.00,  -0.00,  -0.00,  -0.00,  -0.00,  -0.01,  -0.02,  -0.00,  -0.01,  -0.00,  -0.00,  -0.00,  -0.01,  -0.01],
  [-0.00,  -0.00,  -0.00,  -0.00,  -0.00,  -0.00,  -0.00,  -0.00,  -0.00,  -0.00,  -0.00,  -0.00,  -0.00,  0.00,  -0.00,  -0.00,  -0.00,  -0.00,  -0.00,  -0.00,  0.00],
  [-0.00,  -0.00,  -0.00,  -0.92,  -0.00,  -0.00,  -0.00,  -0.00,  -0.00,  -0.00,  -0.00,  -0.00,  -0.00,  -0.00,  -0.00,  -0.00,  -0.00,  -0.00,  -0.00,  -0.00,  -0.20],
  [-0.00,  -0.00,  -0.00,  -0.00,  -0.00,  -0.00,  -0.00,  -0.00,  -0.00,  -0.00,  -0.00,  -0.00,  -0.00,  -0.00,  -0.00,  -0.00,  -0.00,  -0.00,  -0.00,  -0.00,  -0.00],
  [-0.00,  -0.00,  -0.00,  -0.00,  -0.00,  -0.00,  -0.00,  -0.00,  -0.00,  -0.00,  -0.00,  -0.00,  -0.00,  -0.00,  -0.00,  -0.00,  -0.00,  -0.00,  -0.00,  -0.00,  -0.00],
  [-0.00,  -0.00,  -0.00,  -0.00,  -0.00,  -0.00,  -0.00,  -0.00,  -0.00,  -0.00,  -0.00,  -0.00,  -0.00,  -0.00,  -0.00,  -0.00,  -0.00,  -0.00,  -0.00,  -0.00,  -0.00],
  [-0.00,  -0.00,  -0.00,  -0.00,  -0.00,  -0.00,  -0.00,  -0.00,  -0.00,  -0.00,  -0.00,  -0.00,  -0.00,  -0.00,  -0.00,  -0.00,  -0.00,  -0.00,  -0.00,  -0.00,  -0.00],
  [-0.00,  -0.00,  -0.00,  -0.00,  -0.00,  -0.00,  -0.00,  -0.00,  -0.00,  -0.00,  -0.00,  -0.00,  -0.00,  -0.00,  -0.00,  -0.00,  -0.00,  -0.00,  -0.00,  -0.00,  -0.00],
  [-0.00,  -0.00,  -0.00,  0.00,  -0.00,  -0.00,  -0.00,  -0.00,  -0.00,  -0.00,  -0.00,  -0.00,  -0.00,  -1.76,  -0.00,  -0.00,  -0.00,  -0.00,  -0.00,  -0.00,  -2.85]]]
[2018-09-12 08:37:33 [Thread-4] DEBUG r.d.r.d.n.a.A3CTenhouThreadDiscrete : calcGradient value [[-3.16,  -3.19,  -3.22,  -3.25,  -3.29,  -3.32,  -3.35,  -3.39,  -3.42,  -3.46,  -3.49,  -3.53,  -3.56,  -3.60,  -3.64,  -3.67,  -3.71,  -3.75,  -3.78,  -3.82,  -3.86]]
[2018-09-12 08:37:33 [Thread-4] DEBUG r.d.r.d.n.a.A3CTenhouThreadDiscrete : Tmp Outs [[-1.74,  -1.72,  -2.11,  -2.26,  -2.25,  -2.13,  -2.04,  -2.10,  -1.89,  -2.60,  -1.83,  -2.07,  -1.98,  -1.47,  -1.49,  -1.16,  -1.66,  -1.99,  -1.42,  -1.17,  -0.85]]
[2018-09-12 08:37:33 [Thread-4] DEBUG r.d.r.d.n.a.A3CTenhouThreadDiscrete : Tmp Outs 1 [[[0.00,  0.00,  0.00,  0.00,  0.00,  0.00,  0.00,  0.00,  0.00,  0.00,  0.00,  0.00,  0.00,  0.00,  0.00,  0.00,  0.00,  0.00,  0.00,  0.00,  0.00],
  [0.00,  0.00,  0.01,  0.00,  0.01,  0.00,  0.02,  0.34,  0.00,  0.00,  0.00,  0.00,  0.00,  0.01,  0.01,  0.00,  0.00,  0.00,  0.03,  0.05,  0.01],
  [0.01,  0.01,  0.05,  0.02,  0.03,  0.04,  0.01,  0.07,  0.01,  0.08,  0.06,  0.07,  0.03,  0.02,  0.02,  0.02,  0.00,  0.00,  0.00,  0.02,  0.01],
  [0.03,  0.00,  0.03,  0.07,  0.06,  0.09,  0.00,  0.00,  0.00,  0.01,  0.01,  0.01,  0.01,  0.00,  0.00,  0.00,  0.00,  0.40,  0.00,  0.00,  0.00],
  [0.00,  0.00,  0.00,  0.00,  0.00,  0.00,  0.00,  0.00,  0.00,  0.00,  0.00,  0.00,  0.00,  0.00,  0.00,  0.00,  0.00,  0.00,  0.00,  0.00,  0.00],
  [0.01,  0.00,  0.03,  0.37,  0.06,  0.11,  0.02,  0.10,  0.34,  0.15,  0.43,  0.44,  0.14,  0.49,  0.38,  0.00,  0.01,  0.00,  0.00,  0.04,  0.06],
  [0.00,  0.00,  0.01,  0.01,  0.01,  0.03,  0.04,  0.02,  0.00,  0.28,  0.04,  0.08,  0.09,  0.07,  0.11,  0.55,  0.58,  0.42,  0.80,  0.00,  0.00],
  [0.00,  0.00,  0.00,  0.00,  0.00,  0.00,  0.00,  0.00,  0.00,  0.00,  0.00,  0.00,  0.00,  0.00,  0.00,  0.00,  0.00,  0.00,  0.00,  0.00,  0.00],
  [0.74,  0.00,  0.00,  0.00,  0.00,  0.00,  0.00,  0.00,  0.00,  0.00,  0.00,  0.00,  0.00,  0.00,  0.00,  0.00,  0.00,  0.00,  0.00,  0.00,  0.00],
  [0.01,  0.00,  0.00,  0.00,  0.00,  0.00,  0.00,  0.00,  0.00,  0.00,  0.00,  0.00,  0.00,  0.00,  0.00,  0.00,  0.00,  0.00,  0.04,  0.06,  0.05],
  [0.00,  0.00,  0.00,  0.00,  0.00,  0.00,  0.00,  0.00,  0.00,  0.00,  0.00,  0.00,  0.00,  0.00,  0.00,  0.00,  0.00,  0.00,  0.00,  0.00,  0.00],
  [0.00,  0.00,  0.00,  0.00,  0.00,  0.00,  0.00,  0.00,  0.00,  0.00,  0.00,  0.00,  0.00,  0.00,  0.00,  0.00,  0.00,  0.00,  0.00,  0.00,  0.00],
  [0.00,  0.00,  0.00,  0.00,  0.00,  0.01,  0.00,  0.00,  0.00,  0.00,  0.00,  0.01,  0.01,  0.00,  0.01,  0.01,  0.00,  0.00,  0.00,  0.01,  0.04],
  [0.01,  0.04,  0.13,  0.24,  0.65,  0.48,  0.02,  0.12,  0.18,  0.09,  0.16,  0.11,  0.06,  0.06,  0.19,  0.16,  0.02,  0.11,  0.01,  0.36,  0.22],
  [0.00,  0.00,  0.00,  0.00,  0.00,  0.00,  0.00,  0.00,  0.00,  0.00,  0.00,  0.00,  0.00,  0.00,  0.00,  0.00,  0.00,  0.00,  0.00,  0.00,  0.00],
  [0.00,  0.00,  0.00,  0.00,  0.00,  0.00,  0.00,  0.00,  0.00,  0.00,  0.00,  0.00,  0.00,  0.00,  0.00,  0.00,  0.00,  0.00,  0.00,  0.00,  0.00],
  [0.15,  0.82,  0.01,  0.02,  0.02,  0.02,  0.47,  0.00,  0.00,  0.00,  0.01,  0.01,  0.00,  0.00,  0.01,  0.00,  0.00,  0.03,  0.00,  0.01,  0.00],
  [0.00,  0.01,  0.01,  0.03,  0.02,  0.01,  0.01,  0.01,  0.01,  0.01,  0.01,  0.01,  0.01,  0.01,  0.02,  0.02,  0.36,  0.00,  0.00,  0.01,  0.01],
  [0.00,  0.00,  0.00,  0.00,  0.00,  0.00,  0.00,  0.00,  0.00,  0.00,  0.00,  0.00,  0.00,  0.00,  0.00,  0.00,  0.00,  0.00,  0.00,  0.00,  0.00],
  [0.01,  0.00,  0.00,  0.04,  0.01,  0.02,  0.02,  0.07,  0.02,  0.03,  0.07,  0.03,  0.01,  0.04,  0.06,  0.10,  0.00,  0.00,  0.00,  0.01,  0.00],
  [0.00,  0.00,  0.00,  0.00,  0.00,  0.00,  0.00,  0.00,  0.00,  0.00,  0.00,  0.00,  0.00,  0.00,  0.00,  0.00,  0.00,  0.00,  0.00,  0.00,  0.01],
  [0.00,  0.00,  0.19,  0.09,  0.05,  0.10,  0.00,  0.02,  0.10,  0.01,  0.08,  0.03,  0.08,  0.01,  0.03,  0.01,  0.00,  0.01,  0.00,  0.01,  0.00],
  [0.00,  0.00,  0.00,  0.00,  0.00,  0.00,  0.00,  0.00,  0.00,  0.00,  0.00,  0.00,  0.00,  0.00,  0.00,  0.00,  0.00,  0.00,  0.00,  0.00,  0.00],
  [0.00,  0.00,  0.01,  0.01,  0.02,  0.02,  0.01,  0.04,  0.01,  0.17,  0.02,  0.06,  0.09,  0.08,  0.06,  0.03,  0.01,  0.01,  0.02,  0.29,  0.00],
  [0.00,  0.00,  0.01,  0.03,  0.01,  0.00,  0.00,  0.00,  0.00,  0.00,  0.00,  0.00,  0.20,  0.01,  0.02,  0.02,  0.00,  0.00,  0.01,  0.04,  0.41],
  [0.00,  0.00,  0.01,  0.00,  0.00,  0.01,  0.00,  0.01,  0.00,  0.01,  0.00,  0.00,  0.00,  0.00,  0.00,  0.00,  0.00,  0.00,  0.00,  0.00,  0.00],
  [0.00,  0.00,  0.00,  0.00,  0.00,  0.00,  0.00,  0.00,  0.00,  0.10,  0.00,  0.00,  0.00,  0.00,  0.00,  0.00,  0.00,  0.00,  0.00,  0.00,  0.00],
  [0.01,  0.03,  0.00,  0.01,  0.01,  0.01,  0.06,  0.00,  0.01,  0.00,  0.01,  0.01,  0.01,  0.15,  0.04,  0.05,  0.01,  0.00,  0.05,  0.05,  0.08],
  [0.00,  0.00,  0.00,  0.00,  0.00,  0.00,  0.00,  0.18,  0.01,  0.03,  0.09,  0.12,  0.00,  0.00,  0.00,  0.00,  0.00,  0.00,  0.00,  0.01,  0.01],
[0.00,  0.00,  0.00,  0.00,  0.00,  0.00,  0.00,  0.00,  0.29,  0.00,  0.01,  0.00,  0.00,  0.00,  0.00,  0.00,  0.00,  0.00,  0.00,  0.00,  0.00],
  [0.01,  0.05,  0.00,  0.03,  0.03,  0.04,  0.32,  0.00,  0.01,  0.00,  0.01,  0.01,  0.01,  0.03,  0.02,  0.02,  0.00,  0.00,  0.02,  0.01,  0.01],
  [0.00,  0.00,  0.00,  0.00,  0.00,  0.00,  0.00,  0.00,  0.00,  0.00,  0.00,  0.00,  0.24,  0.00,  0.00,  0.00,  0.00,  0.00,  0.00,  0.00,  0.00],
  [0.01,  0.03,  0.48,  0.00,  0.00,  0.01,  0.00,  0.00,  0.00,  0.00,  0.00,  0.00,  0.00,  0.00,  0.00,  0.00,  0.00,  0.00,  0.00,  0.00,  0.00],
  [0.00,  0.00,  0.01,  0.00,  0.00,  0.00,  0.00,  0.00,  0.00,  0.00,  0.00,  0.00,  0.00,  0.01,  0.00,  0.00,  0.00,  0.00,  0.00,  0.00,  0.00],
  [0.00,  0.00,  0.00,  0.00,  0.00,  0.00,  0.00,  0.00,  0.00,  0.00,  0.00,  0.00,  0.00,  0.00,  0.00,  0.00,  0.00,  0.00,  0.00,  0.00,  0.00],
  [0.00,  0.00,  0.00,  0.00,  0.00,  0.00,  0.00,  0.00,  0.00,  0.00,  0.00,  0.00,  0.00,  0.00,  0.00,  0.00,  0.00,  0.00,  0.00,  0.00,  0.06],
  [0.00,  0.00,  0.00,  0.00,  0.00,  0.00,  0.00,  0.00,  0.00,  0.00,  0.00,  0.00,  0.00,  0.00,  0.00,  0.00,  0.00,  0.00,  0.00,  0.00,  0.00],
  [0.00,  0.00,  0.00,  0.00,  0.00,  0.00,  0.00,  0.00,  0.00,  0.00,  0.00,  0.00,  0.00,  0.00,  0.00,  0.00,  0.00,  0.00,  0.00,  0.00,  0.00],
  [0.00,  0.00,  0.00,  0.00,  0.00,  0.00,  0.00,  0.00,  0.00,  0.00,  0.00,  0.00,  0.00,  0.00,  0.00,  0.00,  0.00,  0.00,  0.00,  0.00,  0.00],
  [0.00,  0.00,  0.00,  0.00,  0.00,  0.00,  0.00,  0.00,  0.00,  0.00,  0.00,  0.00,  0.00,  0.00,  0.00,  0.00,  0.00,  0.00,  0.00,  0.00,  0.00],
  [0.00,  0.00,  0.00,  0.00,  0.00,  0.00,  0.00,  0.00,  0.00,  0.00,  0.00,  0.00,  0.00,  0.00,  0.00,  0.00,  0.00,  0.00,  0.00,  0.00,  0.00],
  [0.00,  0.00,  0.00,  0.00,  0.00,  0.00,  0.00,  0.00,  0.00,  0.00,  0.00,  0.00,  0.00,  0.00,  0.00,  0.00,  0.00,  0.00,  0.00,  0.00,  0.00]]]
[2018-09-12 08:37:33 [Thread-4] DEBUG r.d.r.d.n.a3c.TenhouComputationGraph : ++++++++++++++++++++++++++++++++ Standard
[2018-09-12 08:37:33 [Thread-4] DEBUG r.d.r.d.nn.a3c.TenhouActorCriticLoss : computeGradient labels[[-0.00,  0.00,  -0.02,  0.00,  -0.00,  0.00,  -0.00,  -0.00,  -1.41,  -0.02,  -0.00,  -0.00,  -0.00,  0.00,  -0.00,  -0.00,  0.00,  -0.01,  -0.01,  -0.02,  0.00,  0.00,  -0.00,  0.00,  0.00,  -0.01,  -0.00,  0.00,  -0.01,  -0.01,  -0.02,  -0.00,  0.00,  -0.01,  -0.00,  -0.00,  -0.00,  -0.00,  -0.00,  -0.00,  -0.00,  -0.00],
 [-0.00,  0.00,  -0.02,  0.00,  -0.00,  0.00,  0.00,  -0.00,  -0.00,  -0.00,  -0.00,  -0.00,  -0.00,  0.00,  -0.00,  -0.00,  -1.42,  -0.04,  -0.01,  -0.00,  0.00,  0.00,  -0.00,  0.00,  0.00,  -0.00,  -0.00,  0.00,  -0.00,  -0.01,  -0.18,  -0.00,  0.00,  -0.00,  -0.00,  -0.00,  -0.00,  -0.00,  -0.00,  -0.00,  -0.00,  -0.00],
 [-0.00,  0.00,  -0.17,  0.00,  -0.00,  0.00,  0.00,  -0.00,  -0.00,  -0.00,  -0.00,  -0.01,  -0.00,  0.00,  -0.00,  -0.00,  -0.03,  -0.03,  -0.01,  -0.00,  0.00,  0.00,  -0.00,  0.00,  0.00,  -0.05,  -0.00,  0.00,  -0.00,  -0.00,  -0.00,  -0.00,  -1.10,  -0.03,  -0.00,  -0.00,  -0.00,  -0.00,  -0.00,  -0.00,  -0.00,  -0.00],
 [-0.00,  -0.01,  -0.08,  -0.25,  -0.00,  -1.31,  -0.05,  -0.00,  -0.00,  -0.00,  -0.00,  -0.01,  -0.00,  -0.86,  -0.00,  -0.00,  -0.09,  -0.09,  -0.01,  -0.14,  -0.00,  -0.32,  -0.00,  -0.03,  -0.09,  -0.01,  -0.00,  -0.02,  -0.00,  -0.00,  -0.09,  -0.00,  -0.01,  -0.02,  -0.00,  -0.92,  -0.00,  -0.00,  -0.00,  -0.00,  -0.00,  0.00],
 [-0.00,  0.00,  -0.10,  0.00,  -0.00,  0.00,  0.00,  -0.00,  -0.00,  -0.00,  -0.00,  -0.01,  -0.00,  -0.92,  -0.00,  -0.00,  -0.09,  -0.06,  -0.01,  -0.04,  0.00,  0.00,  -0.00,  0.00,  0.00,  -0.01,  -0.00,  -0.02,  -0.00,  -0.00,  -0.11,  -0.00,  -0.01,  -0.00,  -0.00,  -0.00,  -0.00,  -0.00,  -0.00,  -0.00,  -0.00,  -0.00],
 [-0.00,  0.00,  -0.13,  -0.82,  -0.00,  0.00,  0.00,  -0.00,  -0.00,  -0.00,  -0.00,  -0.01,  0.00,  0.00,  -0.00,  -0.00,  -0.07,  -0.05,  -0.00,  -0.07,  0.00,  0.00,  -0.00,  0.00,  0.00,  -0.02,  -0.00,  -0.02,  -0.00,  -0.00,  -0.14,  -0.00,  -0.02,  -0.01,  -0.00,  -0.00,  -0.00,  -0.00,  -0.00,  -0.00,  -0.00,  -0.00],
 [-0.00,  0.00,  -0.04,  -0.00,  -0.00,  0.00,  0.00,  -0.00,  -0.00,  -0.00,  -0.00,  -0.00,  0.00,  0.00,  -0.00,  -0.00,  -1.20,  -0.03,  -0.00,  -0.05,  0.00,  0.00,  -0.00,  0.00,  0.00,  -0.00,  -0.00,  -0.20,  -0.00,  -0.00,  -1.11,  -0.00,  -0.00,  -0.00,  -0.00,  -0.00,  -0.00,  -0.00,  -0.00,  -0.00,  -0.00,  -0.00],
 [-0.00,  -0.99,  -0.26,  -0.01,  -0.00,  0.00,  0.00,  -0.00,  -0.00,  -0.00,  -0.00,  -0.01,  0.00,  0.00,  -0.00,  -0.00,  -0.01,  -0.02,  -0.00,  -0.25,  0.00,  0.00,  -0.00,  0.00,  0.00,  -0.03,  -0.00,  -0.01,  0.00,  -0.01,  -0.01,  -0.00,  -0.02,  -0.00,  -0.00,  -0.00,  -0.00,  -0.00,  -0.00,  -0.00,  -0.00,  -0.00],
 [-0.00,  -0.00,  -0.04,  -0.01,  -0.00,  0.00,  0.00,  -0.00,  -0.00,  -0.00,  -0.00,  -0.00,  0.00,  0.00,  -0.00,  -0.00,  -0.01,  -0.02,  -0.00,  -0.08,  0.00,  0.00,  -0.00,  0.00,  0.00,  -0.00,  -0.00,  -0.02,  0.00,  -1.31,  -0.04,  -0.00,  -0.00,  -0.00,  -0.00,  -0.00,  -0.00,  -0.00,  -0.00,  -0.00,  -0.00,  -0.00],
 [-0.00,  -0.01,  -0.29,  -0.03,  -0.00,  0.00,  0.00,  -0.01,  -0.00,  -0.00,  -0.00,  -0.01,  0.00,  0.00,  -0.00,  -0.00,  -0.01,  -0.03,  -0.00,  -0.11,  0.00,  0.00,  -0.00,  0.00,  0.00,  -0.04,  -0.61,  -0.01,  0.00,  -0.00,  -0.01,  -0.00,  -0.00,  -0.00,  -0.00,  -0.00,  -0.00,  -0.00,  -0.00,  -0.00,  -0.00,  -0.00],
 [-0.00,  -0.01,  -0.22,  -0.02,  -0.00,  0.00,  0.00,  -0.00,  -0.00,  -0.00,  -0.00,  -0.00,  0.00,  0.00,  -0.00,  -0.00,  -0.03,  -0.02,  -0.00,  -0.25,  0.00,  0.00,  -0.00,  0.00,  0.00,  -0.01,  -0.00,  -0.03,  -1.31,  -0.02,  -0.02,  -0.00,  -0.00,  -0.00,  -0.00,  -0.00,  -0.00,  -0.00,  -0.00,  -0.00,  -0.00,  -0.00],
 [-0.00,  -0.01,  -0.25,  -0.03,  -0.00,  0.00,  0.00,  -0.00,  -0.00,  -0.00,  -0.00,  -0.00,  0.00,  0.00,  -0.00,  -0.00,  -0.03,  -0.02,  -0.00,  -0.10,  0.00,  0.00,  -0.00,  0.00,  0.00,  -0.01,  -0.00,  -0.03,  -1.06,  -0.01,  -0.02,  -0.00,  -0.00,  -0.00,  -0.00,  -0.00,  -0.00,  -0.00,  -0.00,  -0.00,  -0.00,  -0.00],
 [-0.00,  -0.01,  -0.10,  -0.02,  -0.00,  0.00,  0.00,  -0.00,  -0.00,  -0.00,  -0.00,  -0.00,  0.00,  0.00,  -0.00,  -0.00,  -0.01,  -0.02,  -0.00,  -0.05,  0.00,  0.00,  -0.00,  0.00,  0.00,  -0.01,  -0.00,  -0.04,  -0.01,  -0.00,  -0.02,  -1.35,  -0.01,  -0.01,  -0.00,  -0.00,  -0.00,  -0.00,  -0.00,  -0.00,  -0.00,  -0.00],
 [-0.00,  -0.02,  -0.08,  -0.01,  -0.00,  -1.72,  -0.23,  -0.00,  -0.00,  -0.00,  -0.00,  -0.00,  -0.00,  -0.20,  -0.00,  -0.00,  -0.01,  -0.03,  -0.00,  -0.15,  -0.00,  -0.05,  -0.00,  -0.30,  -0.03,  -0.00,  -0.00,  -0.53,  -0.00,  -0.01,  -0.10,  -0.00,  -0.01,  -0.02,  0.00,  -0.00,  -0.00,  -0.00,  -0.00,  -0.00,  -0.00,  -1.76],
 [-0.00,  -0.02,  -0.08,  -0.02,  -0.00,  -1.77,  0.00,  -0.00,  -0.00,  -0.00,  -0.00,  -0.01,  0.00,  0.00,  -0.00,  -0.00,  -0.03,  -0.09,  -0.00,  -0.22,  0.00,  0.00,  -0.00,  0.00,  0.00,  -0.00,  -0.00,  -0.14,  -0.01,  -0.01,  -0.05,  -0.00,  -0.01,  -0.00,  -0.00,  -0.00,  -0.00,  -0.00,  -0.00,  -0.00,  -0.00,  -0.00],
 [-0.00,  -0.01,  -0.05,  -0.00,  -0.00,  -0.02,  -2.15,  -0.00,  -0.00,  -0.00,  -0.00,  -0.00,  0.00,  0.00,  -0.00,  -0.00,  -0.01,  -0.07,  -0.00,  -0.35,  0.00,  0.00,  -0.00,  0.00,  0.00,  -0.00,  -0.00,  -0.19,  -0.00,  -0.01,  -0.05,  -0.00,  -0.01,  -0.01,  -0.00,  -0.00,  -0.00,  -0.00,  -0.00,  -0.00,  -0.00,  -0.00],
 [-0.00,  -0.00,  -0.01,  -0.01,  -0.00,  -0.02,  0.00,  -0.00,  -0.00,  -0.00,  -0.00,  -0.00,  0.00,  0.00,  -0.00,  -0.00,  -0.00,  -1.67,  -0.00,  -0.01,  0.00,  0.00,  -0.00,  0.00,  0.00,  -0.00,  -0.00,  -0.02,  -0.00,  -0.00,  -0.00,  -0.00,  -0.00,  -0.00,  -0.00,  -0.00,  -0.00,  -0.00,  -0.00,  -0.00,  -0.00,  -0.00],
[-0.00,  -0.00,  -0.01,  -1.47,  -0.00,  -0.01,  0.00,  -0.00,  -0.00,  -0.00,  -0.00,  -0.00,  0.00,  0.00,  -0.00,  -0.00,  -0.09,  -0.00,  -0.00,  -0.01,  0.00,  0.00,  -0.00,  0.00,  0.00,  -0.00,  -0.00,  -0.01,  -0.00,  -0.00,  -0.01,  -0.00,  -0.00,  -0.00,  -0.00,  -0.00,  -0.00,  -0.00,  -0.00,  -0.00,  -0.00,  -0.00],
 [-0.00,  -0.10,  -0.01,  -0.00,  -0.00,  -0.01,  -2.30,  -0.00,  -0.00,  0.00,  -0.00,  -0.00,  0.00,  0.00,  -0.00,  -0.00,  -0.01,  -0.01,  -0.00,  -0.00,  0.00,  0.00,  -0.00,  0.00,  0.00,  -0.00,  -0.00,  -0.18,  -0.00,  -0.00,  -0.06,  -0.00,  -0.00,  -0.00,  -0.00,  -0.00,  -0.00,  -0.00,  -0.00,  -0.00,  -0.00,  -0.00],
 [-0.00,  -0.17,  -0.05,  -0.02,  -0.00,  -0.16,  -0.00,  -0.01,  -0.00,  0.00,  -0.00,  -0.00,  0.00,  0.00,  -0.01,  -0.00,  -0.03,  -0.02,  -0.00,  -0.04,  0.00,  0.00,  -0.00,  -2.38,  0.00,  -0.00,  -0.00,  -0.19,  -0.04,  -0.01,  -0.02,  -0.00,  -0.01,  -0.01,  -0.00,  -0.00,  -0.00,  -0.00,  -0.00,  -0.00,  -0.00,  -0.00],
 [-0.00,  -0.04,  -0.04,  -0.01,  -0.00,  -0.23,  -0.00,  -0.00,  -0.00,  -0.18,  -0.00,  -0.00,  -0.12,  -0.77,  -0.00,  -0.00,  -0.00,  -0.03,  -0.00,  -0.02,  -0.02,  -0.01,  -0.00,  -0.01,  -1.45,  -0.00,  -0.00,  -0.27,  -0.02,  -0.01,  -0.03,  -0.00,  -0.01,  -0.01,  0.00,  -0.20,  -0.00,  -0.00,  -0.00,  -0.00,  -0.00,  -2.85]]
[2018-09-12 08:37:33 [Thread-4] DEBUG r.d.r.d.nn.a3c.TenhouActorCriticLoss : computeGradient preOutput[[-5.17,  -0.39,  2.52,  4.22,  -3.89,  2.78,  -0.84,  0.07,  7.47,  2.70,  -0.51,  0.65,  -0.64,  3.34,  -0.16,  -0.06,  5.85,  1.99,  1.91,  2.65,  -1.52,  1.49,  -0.98,  -0.04,  0.60,  1.93,  0.81,  3.28,  2.05,  2.08,  2.78,  0.34,  3.05,  1.86,  -20.37,  -7.38,  -10.35,  -7.12,  -13.34,  -26.34,  -9.79,  -15.32],  
 [-5.18,  0.70,  3.55,  3.29,  -3.87,  2.48,  2.15,  -0.70,  -0.64,  -1.28,  -0.47,  -1.23,  -2.19,  5.50,  -0.28,  -3.73,  8.49,  4.13,  3.23,  -0.63,  -2.84,  3.05,  -2.77,  0.73,  2.26,  1.15,  0.06,  5.12,  0.74,  2.20,  5.71,  -1.35,  5.09,  0.93,  -18.05,  -5.71,  -10.35,  -6.83,  -12.21,  -23.86,  -10.08,  -14.57],
 [-5.86,  2.29,  4.38,  3.88,  -3.12,  3.88,  2.30,  0.36,  -1.88,  -2.04,  -1.91,  1.79,  -0.87,  5.40,  -0.49,  -2.69,  2.74,  2.73,  1.85,  0.24,  -2.87,  5.73,  -1.04,  2.89,  2.26,  3.16,  0.38,  2.04,  0.30,  0.06,  0.72,  -0.56,  6.68,  2.71,  -15.23,  -7.10,  -9.58,  -7.48,  -12.69,  -22.77,  -9.11,  -15.32],
 [-6.04,  1.69,  3.45,  4.59,  -2.36,  6.25,  2.89,  -0.03,  -2.07,  -3.19,  -3.09,  1.10,  -1.00,  5.82,  -0.01,  -2.74,  3.51,  3.61,  1.08,  4.02,  -3.67,  4.85,  -2.11,  2.59,  3.62,  0.90,  -0.53,  2.11,  -0.58,  0.25,  3.61,  -1.78,  1.21,  1.90,  -13.62,  -3.41,  -7.71,  -5.34,  -9.45,  -21.87,  -8.30,  -12.58],
 [-6.06,  2.45,  4.01,  4.76,  -2.71,  4.84,  2.89,  0.35,  -2.04,  -2.74,  -2.16,  1.64,  -0.12,  7.16,  -0.87,  -3.19,  3.90,  3.52,  1.49,  3.19,  -3.38,  4.65,  -2.04,  3.73,  3.00,  1.08,  -0.21,  2.40,  0.91,  0.97,  4.16,  -1.28,  1.86,  0.78,  -15.93,  -5.41,  -8.07,  -6.24,  -10.55,  -24.41,  -9.02,  -13.15],
 [-5.94,  1.34,  4.05,  4.95,  -3.12,  5.09,  3.84,  -0.18,  -2.72,  -2.63,  -2.58,  0.78,  2.48,  6.59,  -1.05,  -3.16,  3.40,  3.08,  0.66,  3.40,  -4.61,  5.01,  -2.01,  3.13,  1.99,  2.10,  0.14,  2.30,  -0.10,  0.19,  4.10,  -0.88,  2.18,  1.47,  -13.82,  -4.88,  -7.04,  -6.24,  -9.92,  -21.73,  -10.13,  -13.09],
 [-6.70,  4.20,  3.44,  -0.93,  -1.94,  4.24,  4.67,  -0.42,  -2.65,  -1.17,  -2.26,  0.28,  -0.52,  3.97,  -0.44,  -1.62,  7.22,  3.30,  -1.41,  3.79,  -2.51,  1.95,  -2.52,  3.44,  2.32,  -1.31,  -0.10,  5.14,  0.52,  1.43,  6.84,  -2.27,  1.14,  -0.03,  -12.90,  -3.42,  -6.67,  -4.84,  -8.91,  -20.65,  -11.18,  -10.52],
 [-6.09,  6.03,  4.49,  1.43,  -2.60,  4.76,  2.99,  -0.45,  -4.76,  -2.73,  -3.20,  0.79,  1.36,  4.98,  -0.55,  -2.58,  1.22,  2.05,  -0.46,  4.47,  -3.56,  3.12,  -2.67,  3.80,  -0.47,  2.44,  -0.42,  0.87,  5.36,  1.06,  1.32,  -1.30,  1.66,  0.28,  -9.73,  -4.51,  -5.64,  -4.84,  -8.92,  -14.99,  -9.32,  -9.91],
 [-4.76,  -0.24,  3.37,  2.28,  -1.14,  6.80,  1.51,  -1.99,  -2.91,  -0.33,  -2.61,  0.91,  1.12,  6.18,  0.58,  -1.06,  1.80,  2.63,  -2.02,  4.13,  -1.47,  5.55,  -5.15,  3.03,  1.42,  0.85,  0.69,  2.86,  2.85,  6.65,  3.37,  -4.23,  -0.14,  -1.38,  -12.07,  -5.28,  -7.70,  -4.43,  -9.74,  -18.40,  -9.65,  -10.73],
 [-6.15,  0.96,  4.76,  2.53,  -3.30,  5.35,  5.99,  1.03,  -3.15,  -1.44,  -4.47,  1.22,  1.81,  4.90,  0.51,  -3.80,  1.25,  2.36,  -2.95,  3.85,  -2.66,  2.99,  -0.86,  5.49,  -0.79,  2.82,  4.96,  1.46,  3.77,  0.21,  1.43,  -2.30,  0.06,  0.28,  -13.07,  -4.11,  -5.96,  -5.58,  -8.33,  -22.66,  -10.25,  -10.50],
 [-4.38,  1.18,  4.50,  2.31,  -2.11,  6.43,  4.04,  -1.60,  -3.39,  -1.58,  -5.22,  -0.03,  1.66,  5.43,  -0.11,  -2.86,  2.45,  2.14,  -0.28,  4.66,  -1.84,  4.81,  -3.86,  3.26,  0.73,  1.49,  -0.84,  2.53,  4.86,  2.19,  2.09,  -2.98,  -0.15,  -0.70,  -11.50,  -3.38,  -5.92,  -4.25,  -7.48,  -19.92,  -8.17,  -10.47],
 [-5.35,  1.36,  4.42,  2.34,  -2.57,  6.24,  4.48,  -0.42,  -3.62,  -0.89,  -4.61,  -0.40,  1.87,  4.85,  -1.10,  -3.19,  2.34,  1.93,  -1.25,  3.54,  -1.94,  3.67,  -3.07,  4.26,  1.04,  1.60,  0.06,  2.35,  4.96,  0.96,  1.97,  -2.53,  -0.14,  -0.40,  -11.30,  -2.39,  -5.43,  -4.37,  -6.97,  -20.57,  -8.70,  -9.69],
 [-5.07,  0.90,  3.23,  1.59,  -4.36,  4.82,  4.33,  -1.86,  -1.39,  -0.10,  -1.82,  -0.83,  1.98,  3.91,  -0.23,  -1.73,  0.28,  1.71,  -2.96,  2.42,  -1.67,  4.20,  -4.05,  4.32,  5.17,  0.86,  -0.65,  2.24,  1.30,  -1.14,  1.69,  5.33,  1.25,  0.25,  -9.58,  -5.12,  -5.95,  -5.96,  -9.06,  -16.95,  -10.14,  -11.20],
 [-4.05,  1.80,  3.24,  0.84,  -2.38,  6.33,  4.30,  -0.47,  -3.38,  -1.52,  -5.60,  -0.00,  -0.40,  4.19,  -0.09,  -2.36,  0.73,  2.25,  -1.85,  3.88,  -1.45,  2.72,  -2.33,  4.57,  2.20,  0.18,  -0.33,  5.14,  -0.13,  0.68,  3.47,  -3.44,  0.52,  1.99,  -9.60,  -0.34,  -4.78,  -3.65,  -5.46,  -18.86,  -7.61,  -8.82],
 [-3.41,  2.16,  3.38,  1.80,  -3.45,  6.24,  5.02,  -0.36,  -2.28,  -1.43,  -2.72,  1.05,  2.15,  5.52,  -1.00,  -1.86,  2.37,  3.51,  -0.40,  4.44,  -2.09,  3.81,  -3.68,  4.43,  3.12,  -0.02,  0.12,  3.98,  0.96,  1.17,  3.01,  -2.09,  1.15,  -0.04,  -15.89,  -4.48,  -7.07,  -5.78,  -8.78,  -22.63,  -8.37,  -13.00],
 [-3.27,  1.52,  2.81,  0.24,  -2.09,  1.60,  6.37,  -2.25,  -2.45,  -0.35,  -3.06,  -1.74,  2.12,  5.15,  0.24,  -2.35,  0.87,  3.11,  -2.97,  4.68,  -0.93,  2.36,  -3.68,  3.37,  2.84,  -1.78,  -0.77,  4.06,  -0.57,  0.89,  2.78,  -2.18,  0.95,  1.10,  -10.82,  0.16,  -4.57,  -4.25,  -5.44,  -20.19,  -5.35,  -10.36],
[-3.94,  1.51,  2.99,  2.25,  -2.85,  3.59,  8.24,  -0.78,  -3.41,  -1.07,  -2.23,  1.20,  1.93,  4.92,  -0.79,  -4.79,  1.95,  7.75,  -0.43,  3.24,  -2.49,  0.61,  -2.47,  4.15,  3.29,  0.29,  0.15,  3.79,  -0.86,  0.14,  2.00,  -0.88,  1.37,  1.88,  -15.67,  -3.71,  -6.49,  -6.44,  -8.66,  -24.30,  -8.60,  -13.43],
 [-3.92,  0.92,  1.87,  7.48,  -3.01,  2.72,  7.53,  -1.67,  -2.33,  1.01,  -0.84,  -0.68,  2.89,  6.19,  -0.95,  -3.13,  4.77,  1.07,  0.50,  2.74,  -3.17,  4.13,  -4.06,  3.44,  2.40,  0.50,  -0.51,  2.67,  1.51,  1.81,  2.13,  -0.04,  0.24,  1.11,  -16.01,  -4.44,  -6.29,  -6.45,  -9.00,  -26.78,  -10.14,  -12.94],
 [-3.19,  4.20,  1.37,  0.14,  -1.45,  2.03,  7.57,  -1.47,  -4.00,  4.68,  -2.13,  -2.27,  1.12,  3.58,  -2.31,  -0.95,  1.29,  1.70,  -2.12,  1.14,  -0.70,  1.76,  -1.60,  3.82,  2.78,  -2.66,  -2.01,  4.84,  0.05,  0.45,  3.75,  -1.77,  1.01,  0.92,  -11.48,  -1.30,  -5.37,  -4.95,  -7.51,  -22.67,  -8.16,  -12.51],
 [-3.93,  3.39,  2.24,  0.98,  -3.68,  3.29,  -0.31,  0.19,  -2.92,  3.53,  -2.60,  -1.29,  1.95,  5.40,  0.70,  -1.02,  1.50,  1.29,  -2.16,  1.81,  0.38,  2.08,  -2.61,  5.16,  3.12,  -2.18,  -3.08,  3.48,  1.95,  0.72,  1.15,  -1.95,  0.77,  0.08,  -8.98,  -0.64,  -4.20,  -3.91,  -6.47,  -16.81,  -6.57,  -11.01],
 [-2.97,  1.65,  1.74,  -0.06,  -3.71,  3.49,  -0.56,  -1.08,  -3.04,  3.28,  -4.16,  -3.15,  2.89,  4.72,  -1.17,  -2.01,  -1.36,  1.33,  -2.61,  0.79,  1.04,  0.42,  -2.90,  0.63,  5.34,  -1.86,  -4.34,  3.67,  1.17,  0.59,  1.48,  -1.78,  0.22,  0.57,  -4.58,  3.38,  -1.27,  -2.14,  -2.41,  -13.49,  -2.96,  -7.19]]
[2018-09-12 08:37:33 [Thread-4] DEBUG r.d.r.d.nn.a3c.TenhouActorCriticLoss : computeGradient output [[0.00,  0.00,  0.01,  0.03,  0.00,  0.01,  0.00,  0.00,  0.74,  0.01,  0.00,  0.00,  0.00,  0.01,  0.00,  0.00,  0.15,  0.00,  0.00,  0.01,  0.00,  0.00,  0.00,  0.00,  0.00,  0.00,  0.00,  0.01,  0.00,  0.00,  0.01,  0.00,  0.01,  0.00,  0.00,  0.00,  0.00,  0.00,  0.00,  0.00,  0.00,  0.00],
 [0.00,  0.00,  0.01,  0.00,  0.00,  0.00,  0.00,  0.00,  0.00,  0.00,  0.00,  0.00,  0.00,  0.04,  0.00,  0.00,  0.82,  0.01,  0.00,  0.00,  0.00,  0.00,  0.00,  0.00,  0.00,  0.00,  0.00,  0.03,  0.00,  0.00,  0.05,  0.00,  0.03,  0.00,  0.00,  0.00,  0.00,  0.00,  0.00,  0.00,  0.00,  0.00],
 [0.00,  0.01,  0.05,  0.03,  0.00,  0.03,  0.01,  0.00,  0.00,  0.00,  0.00,  0.00,  0.00,  0.13,  0.00,  0.00,  0.01,  0.01,  0.00,  0.00,  0.00,  0.19,  0.00,  0.01,  0.01,  0.01,  0.00,  0.00,  0.00,  0.00,  0.00,  0.00,  0.48,  0.01,  0.00,  0.00,  0.00,  0.00,  0.00,  0.00,  0.00,  0.00],
 [0.00,  0.00,  0.02,  0.07,  0.00,  0.37,  0.01,  0.00,  0.00,  0.00,  0.00,  0.00,  0.00,  0.24,  0.00,  0.00,  0.02,  0.03,  0.00,  0.04,  0.00,  0.09,  0.00,  0.01,  0.03,  0.00,  0.00,  0.01,  0.00,  0.00,  0.03,  0.00,  0.00,  0.00,  0.00,  0.00,  0.00,  0.00,  0.00,  0.00,  0.00,  0.00],
 [0.00,  0.01,  0.03,  0.06,  0.00,  0.06,  0.01,  0.00,  0.00,  0.00,  0.00,  0.00,  0.00,  0.65,  0.00,  0.00,  0.02,  0.02,  0.00,  0.01,  0.00,  0.05,  0.00,  0.02,  0.01,  0.00,  0.00,  0.01,  0.00,  0.00,  0.03,  0.00,  0.00,  0.00,  0.00,  0.00,  0.00,  0.00,  0.00,  0.00,  0.00,  0.00],
 [0.00,  0.00,  0.04,  0.09,  0.00,  0.11,  0.03,  0.00,  0.00,  0.00,  0.00,  0.00,  0.01,  0.48,  0.00,  0.00,  0.02,  0.01,  0.00,  0.02,  0.00,  0.10,  0.00,  0.02,  0.00,  0.01,  0.00,  0.01,  0.00,  0.00,  0.04,  0.00,  0.01,  0.00,  0.00,  0.00,  0.00,  0.00,  0.00,  0.00,  0.00,  0.00],
 [0.00,  0.02,  0.01,  0.00,  0.00,  0.02,  0.04,  0.00,  0.00,  0.00,  0.00,  0.00,  0.00,  0.02,  0.00,  0.00,  0.47,  0.01,  0.00,  0.02,  0.00,  0.00,  0.00,  0.01,  0.00,  0.00,  0.00,  0.06,  0.00,  0.00,  0.32,  0.00,  0.00,  0.00,  0.00,  0.00,  0.00,  0.00,  0.00,  0.00,  0.00,  0.00],
 [0.00,  0.34,  0.07,  0.00,  0.00,  0.10,  0.02,  0.00,  0.00,  0.00,  0.00,  0.00,  0.00,  0.12,  0.00,  0.00,  0.00,  0.01,  0.00,  0.07,  0.00,  0.02,  0.00,  0.04,  0.00,  0.01,  0.00,  0.00,  0.18,  0.00,  0.00,  0.00,  0.00,  0.00,  0.00,  0.00,  0.00,  0.00,  0.00,  0.00,  0.00,  0.00],
 [0.00,  0.00,  0.01,  0.00,  0.00,  0.34,  0.00,  0.00,  0.00,  0.00,  0.00,  0.00,  0.00,  0.18,  0.00,  0.00,  0.00,  0.01,  0.00,  0.02,  0.00,  0.10,  0.00,  0.01,  0.00,  0.00,  0.00,  0.01,  0.01,  0.29,  0.01,  0.00,  0.00,  0.00,  0.00,  0.00,  0.00,  0.00,  0.00,  0.00,  0.00,  0.00],
 [0.00,  0.00,  0.08,  0.01,  0.00,  0.15,  0.28,  0.00,  0.00,  0.00,  0.00,  0.00,  0.00,  0.09,  0.00,  0.00,  0.00,  0.01,  0.00,  0.03,  0.00,  0.01,  0.00,  0.17,  0.00,  0.01,  0.10,  0.00,  0.03,  0.00,  0.00,  0.00,  0.00,  0.00,  0.00,  0.00,  0.00,  0.00,  0.00,  0.00,  0.00,  0.00],
 [0.00,  0.00,  0.06,  0.01,  0.00,  0.43,  0.04,  0.00,  0.00,  0.00,  0.00,  0.00,  0.00,  0.16,  0.00,  0.00,  0.01,  0.01,  0.00,  0.07,  0.00,  0.08,  0.00,  0.02,  0.00,  0.00,  0.00,  0.01,  0.09,  0.01,  0.01,  0.00,  0.00,  0.00,  0.00,  0.00,  0.00,  0.00,  0.00,  0.00,  0.00,  0.00],
 [0.00,  0.00,  0.07,  0.01,  0.00,  0.44,  0.08,  0.00,  0.00,  0.00,  0.00,  0.00,  0.01,  0.11,  0.00,  0.00,  0.01,  0.01,  0.00,  0.03,  0.00,  0.03,  0.00,  0.06,  0.00,  0.00,  0.00,  0.01,  0.12,  0.00,  0.01,  0.00,  0.00,  0.00,  0.00,  0.00,  0.00,  0.00,  0.00,  0.00,  0.00,  0.00],
 [0.00,  0.00,  0.03,  0.01,  0.00,  0.14,  0.09,  0.00,  0.00,  0.00,  0.00,  0.00,  0.01,  0.06,  0.00,  0.00,  0.00,  0.01,  0.00,  0.01,  0.00,  0.08,  0.00,  0.09,  0.20,  0.00,  0.00,  0.01,  0.00,  0.00,  0.01,  0.24,  0.00,  0.00,  0.00,  0.00,  0.00,  0.00,  0.00,  0.00,  0.00,  0.00],
 [0.00,  0.01,  0.02,  0.00,  0.00,  0.49,  0.07,  0.00,  0.00,  0.00,  0.00,  0.00,  0.00,  0.06,  0.00,  0.00,  0.00,  0.01,  0.00,  0.04,  0.00,  0.01,  0.00,  0.08,  0.01,  0.00,  0.00,  0.15,  0.00,  0.00,  0.03,  0.00,  0.00,  0.01,  0.00,  0.00,  0.00,  0.00,  0.00,  0.00,  0.00,  0.00],
 [0.00,  0.01,  0.02,  0.00,  0.00,  0.38,  0.11,  0.00,  0.00,  0.00,  0.00,  0.00,  0.01,  0.19,  0.00,  0.00,  0.01,  0.02,  0.00,  0.06,  0.00,  0.03,  0.00,  0.06,  0.02,  0.00,  0.00,  0.04,  0.00,  0.00,  0.02,  0.00,  0.00,  0.00,  0.00,  0.00,  0.00,  0.00,  0.00,  0.00,  0.00,  0.00],
[0.00,  0.00,  0.00,  0.00,  0.00,  0.01,  0.58,  0.00,  0.00,  0.00,  0.00,  0.00,  0.00,  0.02,  0.00,  0.00,  0.00,  0.36,  0.00,  0.00,  0.00,  0.00,  0.00,  0.01,  0.00,  0.00,  0.00,  0.01,  0.00,  0.00,  0.00,  0.00,  0.00,  0.00,  0.00,  0.00,  0.00,  0.00,  0.00,  0.00,  0.00,  0.00],
 [0.00,  0.00,  0.00,  0.40,  0.00,  0.00,  0.42,  0.00,  0.00,  0.00,  0.00,  0.00,  0.00,  0.11,  0.00,  0.00,  0.03,  0.00,  0.00,  0.00,  0.00,  0.01,  0.00,  0.01,  0.00,  0.00,  0.00,  0.00,  0.00,  0.00,  0.00,  0.00,  0.00,  0.00,  0.00,  0.00,  0.00,  0.00,  0.00,  0.00,  0.00,  0.00],
 [0.00,  0.03,  0.00,  0.00,  0.00,  0.00,  0.80,  0.00,  0.00,  0.04,  0.00,  0.00,  0.00,  0.01,  0.00,  0.00,  0.00,  0.00,  0.00,  0.00,  0.00,  0.00,  0.00,  0.02,  0.01,  0.00,  0.00,  0.05,  0.00,  0.00,  0.02,  0.00,  0.00,  0.00,  0.00,  0.00,  0.00,  0.00,  0.00,  0.00,  0.00,  0.00],
 [0.00,  0.05,  0.02,  0.00,  0.00,  0.04,  0.00,  0.00,  0.00,  0.06,  0.00,  0.00,  0.01,  0.36,  0.00,  0.00,  0.01,  0.01,  0.00,  0.01,  0.00,  0.01,  0.00,  0.29,  0.04,  0.00,  0.00,  0.05,  0.01,  0.00,  0.01,  0.00,  0.00,  0.00,  0.00,  0.00,  0.00,  0.00,  0.00,  0.00,  0.00,  0.00],
 [0.00,  0.01,  0.01,  0.00,  0.00,  0.06,  0.00,  0.00,  0.00,  0.05,  0.00,  0.00,  0.04,  0.22,  0.00,  0.00,  0.00,  0.01,  0.00,  0.00,  0.01,  0.00,  0.00,  0.00,  0.41,  0.00,  0.00,  0.08,  0.01,  0.00,  0.01,  0.00,  0.00,  0.00,  0.00,  0.06,  0.00,  0.00,  0.00,  0.00,  0.00,  0.00]]

