*4 for positive reward
-0.1 for tie


[2018-09-19 23:36:42 [Thread-4] INFO  r.d.r.dqn.nn.a3c.ACTenhouPolicy : policy [[
0.00,  0.02,  0.00,  0.00,  0.00,  0.00,  0.01,  0.00,  0.01,
0.02,  0.02,  0.01,  0.00,  0.01,  0.04,  0.02,  0.01,  0.15,
0.01,  0.05,  0.00,  0.01,  0.14,  0.01,  0.00,  0.02,  0.01,
0.00,  0.07,  0.00,  0.02,  0.00,  0.01,  0.00,  0.00,  0.29,
0.02,  0.00,  0.00,  0.00,  0.00,  0.00]]
[2018-09-19 23:36:42 [Thread-4] INFO  r.d.r.dqn.nn.a3c.ACTenhouPolicy : nextAction [[
0.00,  0.00,  0.00,  0.00,  0.00,  0.00,  0.00,  0.00,  0.00,
1.00,  0.00,  0.00,  0.00,  0.00,  1.00,  1.00,  1.00,  0.00,
0.00,  65.00,  64.00,  64.00,  73.00,  64.00,  64.00,  0.00,  0.00,
0.00,  0.00,  1.00,  1.00,  0.00,  0.00,  0.00,  0.00,  0.00,
0.00,  0.00,  0.00,  0.00,  0.00,  1.00,  0.00,  0.00,  1.00,
0.00,  0.00,  0.00,  0.00,  0.00,  0.00,  1.00,  0.00,  1.00,  1.00,  1.00,  1.00,  1.00,  1.00,  0.00,  1.00,  0.00,  2.00,  0.00,  0.00,  0.00,  2.00,  0.00,  0.00,  0.00,  2.00,  0.00,  0.00,  0.00]]
